[(1987434, 99. ,  98.5, 99., '1') (1810827, 99. ,  89.5, 96., '1')
 (1814348, 99. ,  73.5, 91., '1') (2097299, 99. ,  66. , 89., '1')
 (2097280, 87.5,  92.5, 89., '1') (2080816, 99. ,  58. , 87., '1')
 (1812167, 99. ,  59.5, 87., '1') (2014621, 88. ,  77. , 85., '1')
 (1892631, 89. ,  75. , 85., '1') (1923106, 84. ,  83. , 84., '1')
 (1875869, 94. ,  59. , 84., '1') (2134731, 90. ,  67.5, 83., '1')
 (1955979, 77. ,  96.5, 83., '1') (2166511, 76.5,  95. , 82., '1')
 (2050486, 75.5,  97. , 82., '1') (1979701, 99. ,  41. , 82., '1')
 (1844734, 94.5,  51. , 81., '1') (2155555, 99. ,  36. , 80., '1')
 (2127276, 99. ,  34. , 80., '1') (2119755, 73.5,  96.5, 80., '1')
 (1961463, 99. ,  36.5, 80., '1') (1907567, 85. ,  70. , 80., '1')
 (1828016, 79.5,  80. , 80., '1') (2127920, 86.5,  60.5, 79., '1')
 (2005275, 78. ,  80.5, 79., '1') (2135594, 92. ,  46.5, 78., '1')
 (2117615, 71.5,  94.5, 78., '1') (2086935, 68. , 100. , 78., '1')
 (1838912, 86.5,  53.5, 77., '1') (1898192, 72. ,  83. , 75., '1')
 (1925619, 74.5,  74.5, 74., '1') (2078406, 72. ,  75.5, 73., '1')
 (1903578, 88. ,  37. , 73., '1') (2161939, 67.5,  81. , 72., '1')
 (2013607, 80. ,  49. , 71., '1') (2086500, 74.5,  60. , 70., '1')
 (2168103, 98. ,   2. , 69., 'F') (2140505, 57. ,  97. , 69., '2')
 (2079765, 79. ,  46.5, 69., '2') (1815646, 64. ,  79.5, 69., '2')
 (1801310, 65.5,  78.5, 69., '2') (1868058, 65.5,  75. , 68., '2')
 (2150482, 63.5,  74.5, 67., '2') (2131709, 66. ,  69. , 67., '2')
 (1980890, 61.5,  75.5, 66., '2') (2195576, 51.5,  98. , 65., '2')
 (2068293, 82.5,  25.5, 65., 'F') (1938973, 69.5,  54.5, 65., '2')
 (2133275, 51.5,  94.5, 64., '2') (1822607, 66. ,  59. , 64., '2')
 (2068701, 60. ,  70.5, 63., '2') (2128205, 61.5,  64.5, 62., '2')
 (2127004, 68.5,  48. , 62., '2') (2066237, 59.5,  68. , 62., '2')
 (1991995, 68. ,  43.5, 61., '2') (1855456, 70.5,  39. , 61., '2')
 (1835247, 65.5,  51. , 61., '2') (1975802, 61.5,  57.5, 60., '2')
 (1901402, 70. ,  35. , 60., '2') (2193120, 64.5,  45.5, 59., '2')
 (2124632, 57.5,  60.5, 58., '2') (1868578, 59.5,  53.5, 58., '2')
 (1920499, 54.5,  61.5, 57., '2') (1956052, 56. ,  55. , 56., '2')
 (1915819, 50.5,  68.5, 56., '2') (1804425, 46.5,  79.5, 56., '2')
 (2121797, 46.5,  73. , 54., '2') (2095152, 54. ,  54.5, 54., '2')
 (2049436, 39. ,  89. , 54., '2') (1811398, 34.5,  99. , 54., '2')
 (2082586, 58. ,  38.5, 52., '2') (1983929, 58. ,  38.5, 52., '2')
 (1924280, 32.5,  96.5, 52., '2') (1894369, 61.5,  31. , 52., '2')
 (2157631, 30.5, 100. , 51., '2') (1996334, 40. ,  77.5, 51., '2')
 (2194965, 49.5,  52.5, 50., '2') (2180906, 48.5,  54. , 50., '2')
 (2165362, 45. ,  62.5, 50., '2') (2147325, 46.5,  57.5, 50., '2')
 (2099309, 37.5,  76.5, 49., '3') (2092266, 46. ,  56. , 49., '3')
 (2067524, 43.5,  61.5, 49., '3') (2176075, 38. ,  72.5, 48., '3')
 (2125759, 49. ,  44.5, 48., '3') (1932827, 56. ,  28. , 48., 'F')
 (2003492, 42.5,  54.5, 46., '3') (1971335, 47. ,  44. , 46., '3')
 (1963755, 47. ,  40. , 45., '3') (1882149, 45. ,  45. , 45., '3')
 (1975305, 43.5,  38. , 42., '3') (1871813, 24.5,  84.5, 42., 'F')
 (2168985, 32. ,  55.5, 39., 'F') (1992226, 30. ,  59. , 39., 'F')
 (2116305, 20. ,  77.5, 37., 'F') (2083148, 19.5,  75. , 36., 'F')
 (1962016, 29. ,  47. , 34., 'F') (2022465, 19.5,  46. , 27., 'F')
 (2105013,  5.5,  71.5, 25., 'F') (2170785,  7.5,  37.5, 16., 'F')]
